2.473898438796863394e-12
4.186636548910116890e-12
6.470338537759246035e-12
9.895947218173037751e-12
1.446353234707773529e-11
1.979233277152643629e-11
2.588284925800742225e-11
3.349627739972673680e-11
4.263259905760145881e-11
5.176959995928217112e-11
6.090732950514828090e-11
7.918140473965572815e-11
9.745690667446413952e-11
1.157308345370051632e-10
1.340076176867039917e-10
1.583767592214304048e-10
1.827576809741917805e-10
2.193111110155673500e-10
3.555429126671907344e-08
1.594769021076077880e-07
3.201128041895376306e-07
5.233168448368595952e-07
7.754084823233912291e-07
1.083269315245536893e-06
1.454246182231733612e-06
1.896272904169810331e-06
2.417870863916284712e-06
3.028027344187202054e-06
3.736463898805079240e-06
4.553490613811167289e-06
5.489957573469399505e-06
6.557401734516334170e-06
7.767900628731100332e-06
9.134560819618601745e-06
1.067059229256670522e-05
1.239047778746739129e-05
1.430899959832593420e-05
1.644172767975418182e-05
1.880501865236963062e-05
2.141611583834741807e-05
2.429275859471536855e-05
2.745347555911609665e-05
3.091797728720321902e-05
3.470627582951784582e-05
3.883898128190726935e-05
4.333827686348084218e-05
4.822674823203237178e-05
5.352758082526064726e-05
5.926534017632573663e-05
6.546480456625932787e-05
7.215232670041859967e-05
7.935447382351763898e-05
8.709900352956440463e-05
9.541486213321794321e-05
1.043310193723174991e-04
1.138780240996644397e-04
1.240878178037641542e-04
1.349919769046962115e-04
1.466240512279913153e-04
1.590180094132491798e-04
1.722086347803154988e-04
1.862330719185493263e-04
2.011273330829445273e-04
2.169294154955209468e-04
2.336789086462569178e-04
2.514154387111204418e-04
2.701802299887525079e-04
2.900145540401523575e-04
3.109620519740830457e-04
3.330672005226617766e-04
3.563737379026824773e-04
3.809289560690015783e-04
4.067790306933089677e-04
4.339725317483679652e-04
4.625596401114586038e-04
4.925890244154572687e-04
5.241125512752518737e-04
5.571829120919469247e-04
5.918536429820366864e-04
6.281799090097599106e-04
6.662161659825096031e-04
7.060200579606377199e-04
7.476492931718621907e-04
7.911624410325443458e-04
8.366212842073210464e-04
8.840845318171453764e-04
9.336172658361186101e-04
9.852807046465961172e-04
1.039140867231273151e-03
1.095264646143448949e-03
1.153715885186344181e-03
1.214565598016958351e-03
1.277881713633594301e-03
1.343733874084352157e-03
1.412194944254573700e-03
1.483337895026085734e-03
1.557237373180596178e-03
1.633966620924930764e-03
1.713603591004168522e-03
1.796224911802842125e-03
1.881910415609089338e-03
1.970740072251201888e-03
2.062793993088636330e-03
2.158155574352522282e-03
2.256906769345724210e-03
2.359135908584799029e-03
2.464926906340374809e-03
2.574366816976280704e-03
2.687544512177838813e-03
2.804549032199144757e-03
2.925474230714730263e-03
3.050411086362736241e-03
3.179453829951634381e-03
3.312695349883241786e-03
3.450234934618117214e-03
3.592169013735330672e-03
3.738592698786575696e-03
3.889615169090297232e-03
4.045327333723973406e-03
4.205838943780034096e-03
4.371250587248683844e-03
4.541666302631602696e-03
4.717199670326697840e-03
4.897948868472805015e-03
5.084031163831018336e-03
5.275557877089458517e-03
5.472631055504638582e-03
5.675375012833570008e-03
5.883898748557344835e-03
6.098323974755731104e-03
6.318760214584453160e-03
6.545326727391964118e-03
6.778152355240402160e-03
7.017347675413686953e-03
7.263045214143362856e-03
7.515365706856380265e-03
7.774432995720832566e-03
8.040374613311395899e-03
8.313324625663814568e-03
8.593401868142830705e-03
8.880747294713227380e-03
9.175493183038984854e-03
9.477771990773986577e-03
9.787713336388809138e-03
1.010546321255999767e-02
1.043116153253301030e-02
1.076493926169198694e-02
1.110695297840097809e-02
1.145732230117110090e-02
1.181621373200298329e-02
1.218375701006618739e-02
1.256012649036703475e-02
1.294543992114484399e-02
1.333986043569716957e-02
1.374353790152250433e-02
1.415663658846615276e-02
1.457930733239111085e-02
1.501169665489768094e-02
1.545397542337462703e-02
1.590629773962435115e-02
1.636882295639646712e-02
1.684172482307159241e-02
1.732515819579720159e-02
1.781929154519294733e-02
1.832429995740274958e-02
1.884034019135384305e-02
1.936759529304900654e-02
1.990623603350064053e-02
2.045642808841093008e-02
2.101836791220096021e-02
2.159221727457543566e-02
2.217815508622686393e-02
2.277637560414769516e-02
2.338704716971162431e-02
2.401036484019427805e-02
2.464652420747334011e-02
2.529569747009667580e-02
2.595808723265440390e-02
2.663387344477323448e-02
2.732326221821058249e-02
2.802642684697606926e-02
2.874360066147824480e-02
2.947495968899234084e-02
3.022072631684834948e-02
3.098107264278208636e-02
3.175622802025040992e-02
3.254639886877594424e-02
3.335178486283234267e-02
3.417260094162170164e-02
3.500907422646613171e-02
3.586138933357382874e-02
3.672978304859112614e-02
3.761449208228008489e-02
3.851570479356689058e-02
3.943366013979702350e-02
4.036860022958058125e-02
4.132072857416108080e-02
4.229027552213771024e-02
4.327749950187118055e-02
4.428261918162240685e-02
4.530585867976735792e-02
4.634747672396578172e-02
4.740770051643987404e-02
4.848679266511902314e-02
4.958497962516721785e-02
5.070250403257243327e-02
5.183964687374156138e-02
5.299665316120561603e-02
5.417375388345183757e-02
5.537123694407895119e-02
5.658934969212880278e-02
5.782834406941834288e-02
5.908851030259081732e-02
6.037010114813180089e-02
6.167339897915132679e-02
6.299864945401925653e-02
6.434617387693199186e-02
6.571620703791530849e-02
6.710909051792667002e-02
6.852503637352366783e-02
6.996437522270793075e-02
7.142738779532882554e-02
7.291439687040919548e-02
7.442563633567034209e-02
7.596146945363511926e-02
7.752214884741844003e-02
7.910800426684821973e-02
8.071935218405223988e-02
8.235649258858762645e-02
8.401977170310293008e-02
8.570944351679643525e-02
8.742588209053234194e-02
8.916942111246364822e-02
9.094034256615460277e-02
9.273901980082359386e-02
9.456575673106162871e-02
9.642093977078854128e-02
9.830485266145869150e-02
1.002178927003469222e-01
1.021603934175811801e-01
1.041327100838005115e-01
1.061351823476788803e-01
1.081682092257708894e-01
1.102321224022391327e-01
1.123273256314565316e-01
1.144541615943268642e-01
1.166130618738071278e-01
1.188043473907587494e-01
1.210284123461358441e-01
1.232857242423280736e-01
1.255766006133006707e-01
1.279014655223940367e-01
1.302607487388923180e-01
1.326548334244205818e-01
1.350841279856599131e-01
1.375490996056007442e-01
1.400501642271455294e-01
1.425877190704389896e-01
1.451622174534889509e-01
1.477741376520763095e-01
1.504238347359007633e-01
1.531118571213326285e-01
1.558386409579670395e-01
1.586046114117338479e-01
1.614102935803817529e-01
1.642561468437025440e-01
1.671426323400013458e-01
1.700702625391413425e-01
1.730394860388394795e-01
1.760509087881590995e-01
1.791049530320577843e-01
1.822021154410005117e-01
1.853429773352068544e-01
1.885281195272824617e-01
1.917579174182867108e-01
1.950330518817496028e-01
1.983540133794210181e-01
2.017214302009429361e-01
2.051357861017294726e-01
2.085976625112844762e-01
2.121076748992178074e-01
2.156664321800128015e-01
2.192745091159023774e-01
2.229324837919215707e-01
2.266410339021004694e-01
2.304007716006598039e-01
2.342122780377217939e-01
2.380762401115442406e-01
2.419933046283645472e-01
2.459641491503440081e-01
2.499894577408672269e-01
2.540698643028614367e-01
2.582061340119782833e-01
2.623988947201673083e-01
2.666489081949368067e-01
2.709568587397466755e-01
2.753235549309606123e-01
2.797496930927428349e-01
2.842360758999048498e-01
2.887834060879393983e-01
2.933925452638817544e-01
2.980642213972957699e-01
3.027993489868661126e-01
3.075986371364391458e-01
3.124630131898685215e-01
3.173932891433476344e-01
3.223903235694468572e-01
3.274549780631530460e-01
3.325881713347111357e-01
3.377908614125194053e-01
3.430638945121971539e-01
3.484082354014210736e-01
3.538249180292438179e-01
3.593147758566037631e-01
3.648789234106051271e-01
3.705182634306111722e-01
3.762338794976570200e-01
3.820268415938719020e-01
3.878981346029954369e-01
3.938488911416263005e-01
3.998801824433268481e-01
4.059932041176135264e-01
4.121889775795562483e-01
4.184686920441902380e-01
4.248335749552720753e-01
4.312848160002434317e-01
4.378235985693228471e-01
4.444512054789109268e-01
4.511688705162386070e-01
4.579778768977315617e-01
4.648797201836688542e-01
4.718754529093870387e-01
4.789665146720433198e-01
4.861545313159757464e-01
4.934406061365663176e-01
5.008263529417145143e-01
5.083131929445783292e-01
5.159027210597898483e-01
5.235963896154479658e-01
5.313956759115078254e-01
5.393021815853642487e-01
5.473177019335017102e-01
5.554437388306253665e-01
5.636820509856194095e-01
5.720342650318803734e-01
5.805021077437584331e-01
5.890875056173195956e-01
5.977921051868074764e-01
6.066179507885327560e-01
6.155667514723685008e-01
6.246405397339337418e-01
6.338412731401696920e-01
6.431707742299618280e-01
6.526313920685390402e-01
6.622250491030919894e-01
6.719539282496239663e-01
6.818200364217867904e-01
6.918258072137954962e-01
7.019732867048744662e-01
7.122650197025151009e-01
7.227030764649409189e-01
7.332901036583885368e-01
7.440284456384900214e-01
7.549205616420157083e-01
7.659690076668858039e-01
7.771764195020606225e-01
7.885455034427665266e-01
8.000787677185305924e-01
8.117791201497128739e-01
8.236493703470149086e-01
8.356922499233679913e-01
8.479109179974713140e-01
8.603081947626401993e-01
8.728870886756447955e-01
8.856508204861148759e-01
8.986025855244077487e-01
9.117455049099171260e-01
9.250828999078775094e-01
9.386181415366222636e-01
9.523546503612381198e-01
9.662959725662553234e-01
9.804455677562967653e-01
9.948071806887628377e-01
1.009384433804316306e+00
1.024181135375736407e+00
1.039200957524178737e+00
1.054448159134225849e+00
1.069926386666874896e+00
1.085640012547247402e+00
1.101592945818446578e+00
1.117789359281806894e+00
1.134233687445835637e+00
1.150930253713786655e+00
1.167883442618325107e+00
1.185097838733452091e+00
1.202577954975704966e+00
1.220328413645709098e+00
1.238354064251198094e+00
1.256659679449378286e+00
1.275249997373380628e+00
1.294130081180901115e+00
1.313305029030652493e+00
1.332779816436815867e+00
1.352559547435223442e+00
1.372649621108672724e+00
1.393055015117935724e+00
1.413781419251639138e+00
1.434833876303291733e+00
1.456217961955088569e+00
1.477939309204711060e+00
1.500003070558502571e+00
1.522415179072881042e+00
1.545180967289617735e+00
1.568305967532663603e+00
1.591795913938373941e+00
1.615656518035242240e+00
1.639892991329412908e+00
1.664511170871864953e+00
1.689516746500363986e+00
1.714914710314405566e+00
1.740710655884786462e+00
1.766910124980551222e+00
1.793518192054047944e+00
1.820539930845666898e+00
1.847980140291656026e+00
1.875843927386585008e+00
1.904135546799254453e+00
1.932859706363117658e+00
1.962020123962377793e+00
1.991621085386402035e+00
2.021665489225097367e+00
2.052156784353839303e+00
2.083097748218157630e+00
2.114490388113894781e+00
2.146336245226466932e+00
2.178636686531595590e+00
2.211392263530642666e+00
2.244602357890874700e+00
2.278266333985526693e+00
2.312381910697846266e+00
2.346946546491193608e+00
2.381956077029547814e+00
2.417405828725470940e+00
2.453289061812056193e+00
2.489598564269099423e+00
2.526325051157704671e+00
