2.095148973065583783e-09
3.621582460794284071e-09
5.753128193748625338e-09
8.591536736503283223e-09
1.223897440588312000e-08
1.679808640710903869e-08
2.237205874851265460e-08
2.906467484881642261e-08
3.698038809929173213e-08
4.622437285861686097e-08
5.690259372869922450e-08
6.912187323585886960e-08
8.298994874373909314e-08
9.861554229797672195e-08
1.161084091167657528e-07
1.355794509639374076e-07
1.571407042112041208e-07
1.809054927099656810e-07
2.070118121451506172e-07
2.356110462581108569e-07
2.667865265289116382e-07
3.006612893118691775e-07
3.373602636016729126e-07
3.770104818301371382e-07
4.197410465742709818e-07
4.656833713331429526e-07
5.149711021652739542e-07
5.677403652258672390e-07
6.241297470027759385e-07
6.842803971704486462e-07
7.483362675625998666e-07
8.164439607885143416e-07
8.887530945423918976e-07
9.654161339780410715e-07
1.046588714560936978e-06
1.132429707035884795e-06
1.223101064275372140e-06
1.318768376692918090e-06
1.419600583850215280e-06
1.525770187325603727e-06
1.637453575321391656e-06
1.754830730702932101e-06
1.878085901818584775e-06
2.007407018438089552e-06
2.142986340910997552e-06
2.285020546858937497e-06
2.433710457250405190e-06
2.589261772101467938e-06
2.751884378271924835e-06
2.921793229463631133e-06
3.099208158861587579e-06
3.284353936905751848e-06
3.477460487864475981e-06
3.678763351473818770e-06
3.888503149549816292e-06
4.106925903239498629e-06
4.334283783445626034e-06
4.570834851367472362e-06
4.816842654478972697e-06
5.072577294608891694e-06
5.338314475628308165e-06
5.614337811966925187e-06
5.900936116593134660e-06
6.198405940364531399e-06
6.507049436996197874e-06
6.827177363922998021e-06
7.159106543622132472e-06
7.503162229545031503e-06
7.859676317494355388e-06
8.228989481093174226e-06
8.611448806203099500e-06
9.007411310794339969e-06
9.417241521786013088e-06
9.841311360072720142e-06
1.028000360299531960e-05
1.073370784509095589e-05
1.120282442253090627e-05
1.168776198967713276e-05
1.218893971250670141e-05
1.270678357558733462e-05
1.324173353757807182e-05
1.379423695362039457e-05
1.436475157644872056e-05
1.495374717190517137e-05
1.556170436573158582e-05
1.618911233622947774e-05
1.683647435279120734e-05
1.750430293126557617e-05
1.819312398698090980e-05
1.890347522144341936e-05
1.963590704414601413e-05
2.039097911284676499e-05
2.116926702671049329e-05
2.197136024883554044e-05
2.279785933838168868e-05
2.364937779666528977e-05
2.452654622301911859e-05
2.543000631457028132e-05
2.636041548155201709e-05
2.731844638776170694e-05
2.830478510490767606e-05
2.932013619062006461e-05
3.036521761022034500e-05
3.144076027809856484e-05
3.254752005918835271e-05
3.368625930544989029e-05
3.485776716753039109e-05
3.606284020896090623e-05
3.730230086863471698e-05
3.857698823255404150e-05
3.988775434177126394e-05
4.123547526895339130e-05
4.262104835330260107e-05
4.404538204445159204e-05
4.550941436671426799e-05
4.701409723040961719e-05
4.856040473447221720e-05
5.014933409480893051e-05
5.178190287766946335e-05
5.345915269356682676e-05
5.518214457580830341e-05
5.695195991596794513e-05
5.876971152939009397e-05
6.063653444095140773e-05
6.255358402747358121e-05
6.452203602513329210e-05
6.654310499319136308e-05
6.861802400515851024e-05
7.074805203496048174e-05
7.293446842379286746e-05
7.517859872563645632e-05
7.748177778405492054e-05
7.984538111918015229e-05
8.227080278554092070e-05
8.475947566064697129e-05
8.731285670455162613e-05
8.993244723977392098e-05
9.261975421387408239e-05
9.537634187465227498e-05
9.820379669534395493e-05
1.011037384657141944e-04
1.040778202866542753e-04
1.071277322626578511e-04
1.102552015112001627e-04
1.134619884641686335e-04
1.167498868852773116e-04
1.201207423153454178e-04
1.235764188523013100e-04
1.271188397788660599e-04
1.307499506248649770e-04
1.344717524142155615e-04
1.382862684332795619e-04
1.421955959267107725e-04
1.462018359367457600e-04
1.503071708647143003e-04
1.545137942953517978e-04
1.588239774988152290e-04
1.632400140017160081e-04
1.677642565497413458e-04
1.723991023272435216e-04
1.771470077464652835e-04
1.820104662577704305e-04
1.869920231777136559e-04
1.920942978025191026e-04
1.973199243475498089e-04
2.026716405849513739e-04
2.081521918197173319e-04
2.137644195273292395e-04
2.195111949032068613e-04
2.253954705204478867e-04
2.314202360879976522e-04
2.375885627081315854e-04
2.439035881463026960e-04
2.503685020354696729e-04
2.569865311528961435e-04
2.637610279890049373e-04
2.706953822151304183e-04
2.777930575132527067e-04
2.850575621385022696e-04
2.924925374408086985e-04
3.001016250454270834e-04
3.078885997082476652e-04
3.158572955589974236e-04
3.240116207449308516e-04
3.323555723580167744e-04
3.408931920022723072e-04
3.496286397376819851e-04
3.585661940468905847e-04
3.677101484625732775e-04
3.770649138448178318e-04
3.866350092917500143e-04
3.964250371284710876e-04
4.064396908989805260e-04
4.166837382541829326e-04
4.271620653579052593e-04
4.378796916192826912e-04
4.488416663462295583e-04
4.600532016277104940e-04
4.715195985574344075e-04
4.832462619622292536e-04
4.952387447600930647e-04
5.075026150040874316e-04
5.200436626590286505e-04
5.328677372274382958e-04
5.459808510581496809e-04
5.593891055439772922e-04
5.730987354350988543e-04
5.871160497213266053e-04
6.014476681582398530e-04
6.161001073481435714e-04
6.310802094604863995e-04
6.463948466660300422e-04
6.620510983692371072e-04
6.780560740298811982e-04
6.944172381037421425e-04
7.111419964979279976e-04
7.282380510218409162e-04
7.457132518208615338e-04
7.635754790179228278e-04
7.818329087996855626e-04
8.004939247233299133e-04
8.195669109417190630e-04
8.390605770552196684e-04
8.589836925025771041e-04
8.793454114036173544e-04
9.001549179439327945e-04
9.214215152442111877e-04
9.431549501002223224e-04
9.653649406748715696e-04
9.880615602050903633e-04
1.011255000672526020e-03
1.034955691421349374e-03
1.059174328157072228e-03
1.083921784814162502e-03
1.109209172344539137e-03
1.135047897930526947e-03
1.161449517235755473e-03
1.188425911871137958e-03
1.215989141344691596e-03
1.244151561572348066e-03
1.272925795314962596e-03
1.302324791141218395e-03
1.332361705194852388e-03
1.363049901636549568e-03
1.394403217988368681e-03
1.426435699806505916e-03
1.459161629864549024e-03
1.492595705549190025e-03
1.526752920664992087e-03
1.561648506642365113e-03
1.597298168521825868e-03
1.633717730623098722e-03
1.670923845765317096e-03
1.708932872036572972e-03
1.747762055713090752e-03
1.787428702661660171e-03
1.827950652299473611e-03
1.869346158379681143e-03
1.911633890022787930e-03
1.954832635716992166e-03
1.998962189385541065e-03
2.044042169361410134e-03
2.090092904600734155e-03
2.137135374607358231e-03
2.185190797928447757e-03
2.234280688883093745e-03
2.284427568105115366e-03
2.335653958088744226e-03
2.387983209714972591e-03
2.441439030093655108e-03
2.496045895899142320e-03
2.551828463146919163e-03
2.608812393397126790e-03
2.667023646148591366e-03
2.726488772394859011e-03
2.787235153686412441e-03
2.849290703036447183e-03
2.912683928513573866e-03
2.977444047196982097e-03
3.043600810982251444e-03
3.111184977782023228e-03
3.180228016190819306e-03
3.250761693185411864e-03
3.322818899510090063e-03
3.396433474128587437e-03
3.471639611958260863e-03
3.548472514926944831e-03
3.626968568961142034e-03
3.707164516580689021e-03
3.789098048252559359e-03
3.872808156559804770e-03
3.958334545007140097e-03
4.045717984059189927e-03
4.134999718381523852e-03
4.226223004437095962e-03
4.319431337389424870e-03
4.414669397306955970e-03
4.511983520734584585e-03
4.611420756311141074e-03
4.713029217771324934e-03
4.816858323687114689e-03
4.922959029336352113e-03
5.031383121543822265e-03
5.142184399450262094e-03
5.255417135494989435e-03
5.371137734003749060e-03
5.489403547727486968e-03
5.610273704050144396e-03
5.733808634029517216e-03
5.860070899200427869e-03
5.989123890781612378e-03
6.121032658593475104e-03
6.255865445303673486e-03
6.393690143489652068e-03
6.534577601845158526e-03
6.678600919489738504e-03
6.825834735065301404e-03
6.976354752117218914e-03
7.130240579933892937e-03
7.287572302637021320e-03
7.448432845643904350e-03
7.612907734088816131e-03
7.781083920640635178e-03
7.953051665470493858e-03
8.128903716369092342e-03
8.308734478307669424e-03
8.492641670291215319e-03
8.680725850129432375e-03
8.873089589014494100e-03
9.069839006205452497e-03
9.271083534270732965e-03
9.476934502113546280e-03
9.687508202284235426e-03
9.902921879907903777e-03
1.012329869042124034e-02
1.034876415682709980e-02
1.057944664590302827e-02
1.081547924887126672e-02
1.105699861227192778e-02
1.130414563623316666e-02
1.155706595191918415e-02
1.181590827162384665e-02
1.208082603166262328e-02
1.235197811411573206e-02
1.262952647166829846e-02
1.291363944536942990e-02
1.320449081705462636e-02
1.350225814927513528e-02
1.380712468530904263e-02
1.411928075555901781e-02
1.443892119119279289e-02
1.476624791335297282e-02
1.510146662551854584e-02
1.544479296518094444e-02
1.579644729650171026e-02
1.615665566005901332e-02
1.652565591101392076e-02
1.690368780612214877e-02
1.729100196637083087e-02
1.768785752872735137e-02
1.809452048767227691e-02
1.851126462753909310e-02
1.893837627185659955e-02
1.937614646308860253e-02
1.982487924471034585e-02
2.028488788347601948e-02
2.075649673926176220e-02
2.124003751270577348e-02
2.173585583749934949e-02
2.224431034621868544e-02
2.276576959288810487e-02
2.330061395321986542e-02
2.384923938901422485e-02
2.441205272838953971e-02
2.498947451019009267e-02
2.558194511101742619e-02
2.618991625093019388e-02
2.681385239440160079e-02
2.745423880794762433e-02
2.811157822611069432e-02
2.878638661754049852e-02
2.947920545578828697e-02
3.019058706545870233e-02
3.092110976890530272e-02
3.167136935769528094e-02
3.244198570618409688e-02
3.323360229352393530e-02
3.404688056716514283e-02
3.488251075021903125e-02
3.574120622848356993e-02
3.662371107901134931e-02
3.753079343677973023e-02
3.846324601711396257e-02
3.942190022591773174e-02
4.040761250281121181e-02
4.142127515955155992e-02
4.246380932673190362e-02
4.353618093894782992e-02
4.463937956285594921e-02
4.577444431510854089e-02
4.694244925011657049e-02
4.814450946979305368e-02
4.938178302342135367e-02
5.065548130661217535e-02
5.196685061233415753e-02
5.331719718439228289e-02
5.470786641653436339e-02
5.614027308456707305e-02
5.761587298330708012e-02
5.913619034507777705e-02
6.070280458941745838e-02
6.231735836497995923e-02
6.398156364956836262e-02
6.569720179734213350e-02
6.746612537264552734e-02
6.929025390653671679e-02
7.117159513313700558e-02
7.311223323369524241e-02
7.511434099722413826e-02
7.718017996753641363e-02
7.931208891362738489e-02
8.151252551417004222e-02
8.378404271520804858e-02
8.612927638150263965e-02
8.855099638142566176e-02
9.105206865741685696e-02
9.363548463476094319e-02
9.630436117314836175e-02
9.906192723663954924e-02
1.019115636838727051e-01
1.048567681827127229e-01
1.079011874471928062e-01
1.110486302657887198e-01
1.143030269886477907e-01
1.176684975938876998e-01
1.211492994826801894e-01
1.247498739749494101e-01
1.284748263110694344e-01
1.323289416962447618e-01
1.363172061992590223e-01
1.404447688081907342e-01
1.447169905075456620e-01
1.491393999768019230e-01
1.537177926670386663e-01
1.584580853246743415e-01
1.633664681077940384e-01
