6.880313369077405164e-07
2.054412097190440874e-06
5.180344730068248439e-06
1.154248163725243044e-05
2.339923735744864141e-05
4.402836120383451477e-05
7.799613079456456767e-05
1.314580901547201294e-04
2.124914249327961534e-04
3.314587384354229674e-04
5.014034195153072417e-04
7.384762576857106147e-04
1.062394128107884469e-03
1.496928772603366500e-03
2.070428268289401571e-03
2.816368618176795860e-03
3.773938591270571685e-03
4.988650703675815389e-03
6.511365518149087733e-03
8.398769763029934748e-03
1.072055590466003926e-02
1.355290401078164744e-02
1.698149303765469562e-02
2.110224141986019597e-02
2.602206197477795538e-02
3.185965145966174195e-02
3.874625712745539963e-02
4.682655342375023622e-02
5.625941824550374781e-02
6.721885823950160543e-02
7.989484288196614659e-02
9.449421709220977295e-02
1.112416336575267339e-01
1.303804308014215041e-01
1.521736884081819063e-01
1.769050381530368199e-01
2.048797688370183612e-01
2.364257914400122174e-01
2.718946124465284608e-01
3.116623029126033839e-01
3.561307007020436677e-01
4.057282439903889260e-01
4.609111294252956625e-01
5.221643048834004874e-01
5.900029205885579664e-01
6.649725473452410274e-01
7.476510580986744925e-01
8.386496686155593405e-01
9.386131796150731788e-01
1.048222505596278831e+00
1.168194142546259418e+00
1.299282844218647925e+00
1.442281614278150270e+00
1.598023092052181404e+00
1.767381128618892294e+00
1.951271461137563890e+00
2.150652156035126605e+00
2.366527003681467178e+00
2.599943897416925775e+00
2.851997302651616550e+00
3.123829919345718409e+00
3.416631555312175106e+00
3.731643740589202896e+00
4.070157311638887165e+00
4.433515710776237739e+00
4.823115779760428268e+00
5.240406627353914715e+00
5.686894859184429052e+00
6.164141318613912013e+00
6.673765866428863269e+00
7.217444109831813392e+00
7.796914903814810671e+00
8.413974980011825977e+00
9.070479818870680333e+00
9.768351811617868918e+00
1.050957681192198123e+01
1.129620025817954776e+01
1.213033812345243234e+01
1.301417017132547116e+01
1.394994023586657228e+01
1.493996883822005017e+01
1.598663536386781558e+01
1.709239785236195530e+01
1.825977976895406485e+01
1.949137471122170240e+01
2.078985946669055096e+01
2.215796877335493775e+01
2.359852246895814432e+01
2.511441390922877304e+01
2.670860518077585510e+01
2.838414377257567978e+01
3.014415232685516699e+01
3.199182793572644457e+01
3.393044854087428064e+01
3.596337301774265427e+01
3.809403582155758272e+01
4.032594633752768942e+01
4.266272155728738369e+01
4.510802282380279848e+01
4.766562914334863166e+01
5.033938023602950551e+01
5.313320179153795664e+01
5.605110651680612222e+01
5.909720303391785734e+01
6.227567060198823157e+01
6.559076497208222634e+01
6.904686216331030835e+01
7.264838733479389532e+01
7.639987508305004837e+01
8.030594044624591277e+01
8.437127671782027960e+01
8.860068053613491657e+01
9.299902762359953101e+01
9.757129920884098340e+01
1.023225177572214193e+02
1.072578474130449564e+02
1.123825359840114260e+02
1.177018516728349482e+02
1.232212704328531601e+02
1.289462465214990630e+02
1.348823859524203215e+02
1.410353882923674291e+02
1.474109854324322555e+02
1.540150685032392062e+02
1.608535537277942922e+02
1.679324844790195641e+02
1.752580363035543201e+02
1.828363712301555495e+02
1.906738180017429727e+02
1.987767592754822488e+02
2.071517137267286444e+02
2.158052557794937627e+02
2.247440089175723301e+02
2.339747768371335894e+02
2.435043682876128059e+02
2.533396928496921703e+02
2.634878275503361351e+02
2.739558648736047530e+02
2.847509840592447858e+02
2.958805088582819280e+02
3.073517567682544609e+02
3.191721835927244229e+02
3.313493394448503864e+02
3.438909085118754660e+02
3.568045252613893012e+02
3.700980945294354001e+02
3.837793943195327984e+02
3.978563561331939695e+02
4.123372323098631114e+02
4.272299782416745870e+02
4.425429704815630316e+02
4.582842257967235469e+02
4.744624080348331177e+02
4.910859277949944044e+02
5.081632845936297826e+02
5.257030508301853615e+02
5.437139965653776699e+02
5.622048910985574821e+02
5.811845337761867540e+02
6.006619691588364276e+02
6.206461773644915638e+02
6.411460966235172236e+02
6.621711251994804570e+02
6.837303656695794416e+02
7.058331060936342283e+02
7.284888636868831782e+02
7.517068202581815513e+02
7.754967614070595801e+02
7.998683074563833770e+02
8.248308206426385141e+02
8.503942148475683780e+02
8.765684409128210746e+02
9.033630843001649282e+02
9.307882620606351338e+02
9.588538352488282044e+02
9.875698800537729767e+02
1.016946578321972879e+03
1.046993967766979040e+03
1.077722508500662570e+03
1.109142389664189750e+03
1.141264031908286370e+03
1.174097695287395254e+03
1.207653943942478008e+03
1.241943170504822092e+03
1.276976230361110083e+03
1.312763447430004362e+03
1.349315582933507130e+03
1.386643609949672964e+03
1.424757879683285637e+03
1.463669451806579673e+03
1.503389318219726192e+03
1.543928498483953035e+03
1.585297224628782260e+03
1.627507445586400991e+03
1.670569500235200394e+03
1.714494552678456557e+03
1.759293852370807144e+03
1.804979114548560347e+03
1.851560355848464042e+03
1.899049777181111949e+03
1.947458385565488925e+03
1.996797102943100526e+03
2.047077880171859078e+03
2.098311297940304485e+03
2.150509293775697643e+03
2.203683430522734398e+03
2.257844361178360941e+03
2.313004123007065118e+03
2.369174344651627052e+03
2.426365750380934060e+03
2.484590394514473701e+03
2.543860069930545706e+03
2.604185396734597362e+03
2.665579088395010331e+03
2.728051378999495682e+03
2.791615068685942333e+03
2.856280783377056650e+03
2.922060827893193618e+03
2.988965870754760999e+03
3.057008298496793032e+03
3.126199774579253244e+03
3.196551009221820095e+03
3.268074267858644362e+03
3.340781436690273949e+03
3.414683018342617288e+03
3.489791389175160475e+03
3.566117683973105159e+03
3.643673601915161726e+03
3.722470898497618691e+03
3.802519994860281258e+03
3.883833928841465422e+03
3.966422984581941364e+03
4.050298775416606986e+03
4.135473035073562642e+03
4.221956639140354127e+03
4.309761860391663504e+03
4.398898768160958753e+03
4.489379713890831226e+03
4.581214661224274096e+03
4.674415734169780990e+03
4.768994322489505976e+03
4.864961073321604090e+03
4.962326659839371132e+03
5.061102210820396067e+03
5.161299658181643281e+03
5.262928833231009776e+03
5.365999892902350439e+03
5.470525379175193848e+03
5.576515667367669266e+03
5.683979325815244920e+03
5.792929438793719783e+03
5.903375932718558943e+03
6.015327371132281769e+03
6.128796692203181010e+03
6.243793589979863100e+03
6.360326213241775804e+03
6.478405737701310500e+03
6.598043218957897807e+03
6.719248186406202876e+03
6.842028236453188583e+03
6.966397517938818055e+03
7.092360291200668144e+03
7.219930433672370782e+03
7.349115318588436821e+03
7.479923544356398452e+03
7.612365543068946863e+03
7.746449926796593900e+03
7.882185163085644490e+03
8.019581295098034389e+03
8.158646464887037837e+03
8.299386824682111182e+03
8.441814458345328603e+03
8.585936440888019206e+03
8.731758735698280361e+03
8.879291404402420085e+03
9.028542590606148224e+03
9.179518507541863073e+03
9.332225782443292701e+03
9.486673099828467457e+03
9.642869787694606202e+03
9.800817856215749998e+03
9.960527953077982602e+03
1.012200428126274528e+04
1.028525497544718019e+04
1.045028596554425894e+04
1.061710290513866676e+04
1.078571154978350205e+04
1.095611716141082070e+04
1.112832482715804326e+04
1.130234143306600345e+04
1.147817021349747847e+04
1.165581744687360697e+04
1.183528543171158890e+04
1.201658293676229732e+04
1.219970742346061343e+04
1.238466897258139579e+04
1.257146701510334060e+04
1.276010711696346334e+04
1.295059007098021721e+04
1.314292114508756458e+04
1.333710267883091183e+04
1.353313583543458662e+04
1.373102154259815143e+04
1.393076533952208956e+04
1.413236327022506339e+04
1.433582232417544765e+04
1.454113915083277061e+04
1.474831905389443637e+04
1.495735622816012074e+04
1.516825270668782287e+04
1.538101232750703639e+04
1.559562993419630584e+04
1.581210528441429597e+04
1.603043749338175257e+04
1.625062647603564983e+04
1.647266910378108150e+04
1.669656322919014929e+04
1.692230532225201387e+04
1.714989582184890969e+04
1.737932825611480075e+04
1.761059745944937822e+04
1.784370400650074953e+04
1.807864117971861197e+04
1.831540495905826174e+04
1.855398829413908607e+04
1.879439054752192533e+04
1.903660013607980727e+04
1.928061522124108160e+04
1.952642871076967276e+04
1.977403335282735861e+04
2.002341546658636798e+04
2.027457974611701502e+04
2.052751188548102436e+04
2.078220171805845166e+04
2.103864291595998293e+04
2.129683065018317211e+04
2.155674507556041499e+04
2.181838217559599070e+04
2.208173202471102559e+04
2.234678458202217371e+04
2.261353054206215165e+04
2.288195200091370134e+04
2.315204563582877745e+04
2.342378738109375990e+04
2.369717929825437750e+04
2.397219805192921922e+04
2.424883706963380246e+04
2.452707352078897020e+04
2.480690707271858628e+04
2.508830743318169334e+04
2.537127527733722309e+04
2.565578536212770632e+04
2.594183171024875992e+04
2.622938975159204347e+04
2.651844689420331997e+04
2.680898898962372550e+04
2.710099908021492956e+04
2.739445519654882446e+04
2.768934839853236917e+04
2.798565506983711384e+04
2.828336596645056488e+04
2.858246077073308334e+04
2.888291322468196813e+04
2.918471198102612107e+04
2.948784500831470723e+04
2.979229054654749052e+04
3.009802018477662568e+04
3.040503305468959297e+04
3.071329359313008899e+04
3.102280054219351950e+04
3.133352606896610814e+04
3.164545174490349382e+04
3.195856177107268013e+04
3.227284611367240723e+04
3.258827480417458355e+04
3.290483959225197759e+04
3.322251543359753850e+04
3.354129838238005323e+04
3.386116398280115391e+04
3.418209134881212231e+04
3.450407806783641718e+04
3.482710705468962988e+04
3.515116280555928824e+04
3.547623070098337485e+04
3.580230266472597577e+04
3.612937337569773081e+04
3.645742178485673503e+04
3.678644818439483788e+04
3.711644336161029059e+04
3.744739643610731582e+04
3.777931737233548483e+04
3.811219331927542953e+04
3.844602988045023085e+04
3.878082606325393863e+04
3.911658429322729353e+04
3.945332062831207440e+04
3.979104006473403570e+04
4.012975258189908345e+04
4.046947684870585363e+04
4.081022781517013209e+04
4.115203426445156947e+04
4.149491209154415992e+04
4.183890773748546053e+04
4.218404592606412916e+04
4.253036772144028510e+04
4.287792764408271614e+04
4.322676662030596344e+04
4.357694252062955638e+04
4.392852344681887189e+04
4.428157605203486310e+04
4.463618614417569916e+04
4.499242563415227050e+04
4.535040903446820448e+04
4.571022503956600121e+04
4.607199583386848826e+04
4.643584081092486304e+04
4.680190960144477867e+04
4.717033819247148494e+04
4.754130318684885424e+04
4.791495885278369678e+04
4.829151866385142057e+04
4.867118082628036063e+04
4.905418620618978457e+04
4.944075681602750410e+04
4.983117340211944975e+04
5.022571833503349626e+04
5.062472579747801501e+04
5.102850444508148212e+04
5.143742892517476866e+04
5.185187436714670184e+04
5.227230348077250528e+04
5.269912713392799924e+04
5.313288420508427953e+04
5.357406706095304253e+04
5.402328402313571860e+04
5.448113293129596423e+04
5.494827207488912245e+04
5.542541585777697037e+04
5.591335823813528987e+04
5.641292669760863646e+04
5.692497377843572031e+04
5.745050478795162780e+04
5.799051739687023655e+04
5.854614427818017430e+04
5.911856133600217436e+04
5.970903649639105424e+04
