6.880331494606178819e-07
2.054417397559276456e-06
5.180357737499195364e-06
1.154251133200045237e-05
2.339929914967579924e-05
4.402847719212865223e-05
7.799633266925296092e-05
1.314584293118436576e-04
2.124919737193984421e-04
3.314595706907231252e-04
5.014046237264146999e-04
7.384781574844440913e-04
1.062396932533239821e-03
1.496932725658075159e-03
2.070433651210403306e-03
2.816376037638510573e-03
3.773948500390025915e-03
4.988664374784407794e-03
6.513897641628818916e-03
8.411671559680882274e-03
1.074982083332614961e-02
1.360670759066572380e-02
1.707075089627947337e-02
2.124127820665023744e-02
2.622938231510203375e-02
3.215885159053652465e-02
3.916707951087446821e-02
4.740607577440372061e-02
5.704346000327169264e-02
6.826355507847792214e-02
8.126841372698044574e-02
9.627898783251483128e-02
1.135362683228776232e-01
1.333025717803465182e-01
1.558626097797614907e-01
1.815249730590197397e-01
2.106232586132009144e-01
2.435175493956903969e-01
2.805957838766895973e-01
3.222751950576850932e-01
3.690037746655450701e-01
4.212616976371790223e-01
4.795632241494359738e-01
5.444577350908387237e-01
6.165318629410696527e-01
6.964109631937728251e-01
7.847609007170450734e-01
8.822898312835245616e-01
9.897497580113393534e-01
1.107938887640656400e+00
1.237703020306764268e+00
1.379937866325763984e+00
1.535590760520029407e+00
1.705663052637218735e+00
1.891211321253444266e+00
2.093350759856128285e+00
2.313256576928329533e+00
2.552166257863869081e+00
2.811382011822657567e+00
3.092272412053970410e+00
3.396275759904999081e+00
3.724902774136869432e+00
4.079736971453230332e+00
4.462438480052154155e+00
4.874748532038561954e+00
5.318488839551250180e+00
5.795564814294926315e+00
6.307969417931571954e+00
6.857786356925059223e+00
7.447193631410446990e+00
8.078457867432820905e+00
8.753954343118723003e+00
9.476151746144488186e+00
1.024762377319053286e+01
1.107105822411279306e+01
1.194924624462456464e+01
1.288509355357157027e+01
1.388162792544304658e+01
1.494199407265887913e+01
1.606945884071184238e+01
1.726741889700224419e+01
1.853939770699771472e+01
1.988905844477232066e+01
2.132019479901460812e+01
2.283674830608257622e+01
2.444279973064511680e+01
2.614258335497026309e+01
2.794047629513887188e+01
2.984102614287323263e+01
3.184893228745566063e+01
3.396904710218078094e+01
3.620641796120044376e+01
3.856623974754881345e+01
4.105388751679627291e+01
4.367492978183314989e+01
4.643510920697517719e+01
4.934035410731308247e+01
5.239679859250725968e+01
5.561075566362682565e+01
5.898876214598170264e+01
6.253755051241954988e+01
6.626406018518775909e+01
7.017544171838936506e+01
7.427909335577577110e+01
7.858260297845247067e+01
8.309381855095229241e+01
8.782081632839064866e+01
9.277188709219922202e+01
9.795559537593007349e+01
1.033807387854523370e+02
1.090563923135127453e+02
1.149918713557587040e+02
1.211967655545790166e+02
1.276809290962561363e+02
1.344544892127351261e+02
1.415278738186650571e+02
1.489117620143863689e+02
1.566171871067609516e+02
1.646554008019191144e+02
1.730380241633053231e+02
1.817769438906184689e+02
1.908843864415194105e+02
2.003729349558674926e+02
2.102553762210382615e+02
2.205449719436902285e+02
2.312552773755007536e+02
2.424001025649288295e+02
2.539937641557694974e+02
2.660508006779692209e+02
2.785862328086791990e+02
2.916153095775577526e+02
3.051537318002191910e+02
3.192176667095949938e+02
3.338234700780034245e+02
3.489881221530024504e+02
3.647287991024646772e+02
3.810632152871114045e+02
3.980094422188674912e+02
4.155860652407860130e+02
4.338118688382984942e+02
4.527063324565888820e+02
4.722892485825358904e+02
4.925808488928156521e+02
5.136017943977707318e+02
5.353733211939830881e+02
5.579172275015760079e+02
5.812553090644554459e+02
6.054104251555153269e+02
6.304053909133077696e+02
6.562640459944741451e+02
6.830103011033601206e+02
7.106689877324557756e+02
7.392648583792171166e+02
7.688237284391437925e+02
7.993716708112833658e+02
8.309355395486736597e+02
8.635425888692946046e+02
8.972202918355939119e+02
9.319972705001138138e+02
9.679023747841242766e+02
1.004965023256991344e+03
1.043215350519611093e+03
1.082684040267231921e+03
1.123402201436761743e+03
1.165401854408316012e+03
1.208715248873670362e+03
1.253375422994825158e+03
1.299416334963187865e+03
1.346872016774274243e+03
1.395777717354124661e+03
1.446168651559124328e+03
1.498081284290084341e+03
1.551552499619661830e+03
1.606619625323431137e+03
1.663321030208021511e+03
1.721695955138297904e+03
1.781783411838610391e+03
1.843623986634849416e+03
1.907258424877369407e+03
1.972728624775008257e+03
2.040076271894991578e+03
2.109345530540924756e+03
2.180579445703561760e+03
2.253823133435388172e+03
2.329120943731209991e+03
2.406519466602092507e+03
2.486065442277521925e+03
2.567806321984289298e+03
2.651789818846631988e+03
2.738065900769616292e+03
2.826683099999354454e+03
2.917692877518262321e+03
3.011146387334853443e+03
3.107095412343162479e+03
3.205592601827510407e+03
3.306692377420003140e+03
3.410448215404574057e+03
3.516916135988065435e+03
3.626151711514972703e+03
3.738212529018141140e+03
3.853154955695062199e+03
3.971038193990262243e+03
4.091921339642304247e+03
4.215864538965448446e+03
4.342928498809994380e+03
4.473174670086018523e+03
4.606666174141834745e+03
4.743466683061465119e+03
4.883639422375762479e+03
5.027249753976443571e+03
5.174363718534353211e+03
5.325047505556314718e+03
5.479368788785629476e+03
5.637396760557655398e+03
5.799199186618626300e+03
5.964845884830167961e+03
6.134409354160848125e+03
6.307959466701708152e+03
6.485570968412662296e+03
6.667313630687163823e+03
6.853264494679940071e+03
7.043496561020250738e+03
7.238088447256023755e+03
7.437112731590528711e+03
7.640649793972027510e+03
7.848775123754298875e+03
8.061568759405723540e+03
8.279111661531664140e+03
8.501483138888017493e+03
8.728765692394419602e+03
8.961037951047861497e+03
9.198385842286472325e+03
9.440893427716326187e+03
9.688641730522473154e+03
9.941718446665898227e+03
1.020020741148268826e+04
1.046419805697279480e+04
1.073377343783452307e+04
1.100902371424357079e+04
1.129003784663198167e+04
1.157690481142175304e+04
1.186971240289484012e+04
1.216855317410081807e+04
1.247351580535933135e+04
1.278469620286611462e+04
1.310218160962453294e+04
1.342606915620910331e+04
1.375644919555024353e+04
1.409341458486527699e+04
1.443706413702299869e+04
1.478748918124520969e+04
1.514478651118446396e+04
1.550905102621558945e+04
1.588037971649282736e+04
1.625886775222068354e+04
1.664461317758562654e+04
1.703771438517239221e+04
1.743826672470433186e+04
1.784636873848775213e+04
1.826211954944836543e+04
1.868561486308691747e+04
1.911695326753978952e+04
1.955623957752862771e+04
2.000356374661907103e+04
2.045903059299688903e+04
2.092273832118854625e+04
2.139478240886921049e+04
2.187526483496715809e+04
2.236427976329450030e+04
2.286193720857388325e+04
2.336832281517040610e+04
2.388353575527693465e+04
2.440768273240551935e+04
2.494086268436197861e+04
2.548315516495406700e+04
2.603467723890705383e+04
2.659551428748681064e+04
2.716576836664483562e+04
2.774553050043921030e+04
2.833489320292024058e+04
2.893395354939728350e+04
2.954281027316261316e+04
3.016154873823893649e+04
3.079026070481631541e+04
3.142904187226003341e+04
3.207798248559204512e+04
3.273716217484164008e+04
3.340667443942677346e+04
3.408660307851592370e+04
3.477703806680226262e+04
3.547806195337721147e+04
3.618975433314248221e+04
3.691219892403740960e+04
3.764547196699831693e+04
3.838964874648789555e+04
3.914480604488014069e+04
3.991102272970913327e+04
4.068836466094368370e+04
4.147690488452401041e+04
4.227670645099855756e+04
4.308784271274995990e+04
4.391036354386473249e+04
4.474434725945748505e+04
4.558983541502748994e+04
4.644689400438477605e+04
4.731557410221079772e+04
4.819591687721885683e+04
4.908797782632898452e+04
4.999178971929323598e+04
5.090741072238179186e+04
5.183486461957498977e+04
5.277418285443502828e+04
5.372541138846149261e+04
5.468855371410508815e+04
5.566365753243969812e+04
5.665071533338435256e+04
5.764975425833179906e+04
5.866079022719529166e+04
5.968382127628766466e+04
6.071885193537789019e+04
6.176586909785124590e+04
6.282488483357521181e+04
6.389586869924086932e+04
6.497880022503163491e+04
6.607366487675848475e+04
6.718044511878449703e+04
6.829907931944821030e+04
6.942954493909074517e+04
7.057179593162117817e+04
7.172577252038953884e+04
7.289144384851479845e+04
7.406870618361441302e+04
7.525748915242412477e+04
7.645777940112927172e+04
7.766940803022388718e+04
7.889234673091667355e+04
8.012646236060552474e+04
8.137168074872739089e+04
8.262787544927778072e+04
8.389491077491518809e+04
8.517266865371707536e+04
8.646103894867848430e+04
8.775986041707461118e+04
8.906899049622603343e+04
9.038826697168601095e+04
9.171750073437199171e+04
9.305655974606014206e+04
9.440522025584337825e+04
9.576335427516787604e+04
9.713067555747341248e+04
9.850705796463447041e+04
9.989223469640256371e+04
1.012859848219634150e+05
1.026880961600960291e+05
1.040983321957000298e+05
1.055164351681575063e+05
1.069421062711659470e+05
1.083751399331928260e+05
1.098152127579370863e+05
1.112620852327095199e+05
1.127154257870273868e+05
1.141749735286204377e+05
1.156404006041058892e+05
1.171113764268687664e+05
1.185876009529564035e+05
1.200687637663114292e+05
1.215545233554617153e+05
1.230445066789659904e+05
1.245383948334914749e+05
1.260358541345505364e+05
1.275364947133247042e+05
1.290400057576497493e+05
1.305460101306951110e+05
1.320541231781106326e+05
1.335640185786183865e+05
1.350753417055170576e+05
1.365877069146992580e+05
1.381007847906089155e+05
1.396142043491707882e+05
1.411276363315550843e+05
1.426407657402803889e+05
1.441532348726161581e+05
1.456647456554047531e+05
1.471750050383981725e+05
1.486837311802664481e+05
1.501906578800439020e+05
1.516955577459032356e+05
1.531982197142383375e+05
1.546984447297141305e+05
1.561961280293072050e+05
1.576910653084301157e+05
1.591833050055117346e+05
1.606727194327520847e+05
1.621594135949482152e+05
1.636434597339226457e+05
1.651249868355271756e+05
1.666042051196303219e+05
1.680814822515221895e+05
1.695571402292351122e+05
1.710316423979850078e+05
1.725056420532032498e+05
1.739797990777173254e+05
1.754549636340062134e+05
1.769319976959985506e+05
1.784121443567395036e+05
1.798965248611470452e+05
1.813867041667522572e+05
1.828842379906264250e+05
1.843909818491741025e+05
1.859090171719386126e+05
1.874406409656244214e+05
1.889884784259129374e+05
1.905553225876940414e+05
1.921443737659079197e+05
1.937592014694161189e+05
1.954037294126671331e+05
1.970821585554549820e+05
1.987993101443715277e+05
2.005603327789099130e+05
2.023709842986219737e+05
2.042373740586630302e+05
2.061665657903282263e+05
2.081659737522926298e+05
2.102437606338097248e+05
2.124088887136313715e+05
2.146711530427461257e+05
2.170410664656975714e+05
2.195303613954287430e+05
2.221515049797359679e+05
2.249183413954290736e+05
2.278456026377785020e+05
2.309495102980605152e+05
2.342476904901161615e+05
2.377590592109688441e+05
2.415042572648115456e+05
2.455056921900313464e+05
2.497876192495567957e+05
2.543761364450459077e+05
2.592997102490630059e+05
2.645889939638373908e+05
2.702771508164003026e+05
2.764000786579921260e+05
2.829963641543230624e+05
2.901079217474061879e+05
2.977798157114157802e+05
3.060606580307235126e+05
