  5.000000000000000E-002   1.00000100000000     
  6.000000000000000E-002   1.00000100000000     
  7.000000000000001E-002   1.00000100000000     
  8.000000000000000E-002   1.00000100000000     
  9.000000000000001E-002   1.00000100000000     
  0.100000000000000        1.00000100000000     
  0.110000000000000        1.00000100000000     
  0.120000000000000        1.00000100000000     
  0.130000000000000        1.00000100000000     
  0.140000000000000        1.00000100000000     
  0.150000000000000        1.00000100000000     
  0.160000000000000        1.00000100000000     
  0.170000000000000        1.00000100000000     
  0.180000000000000        1.00000100000000     
  0.190000000000000        1.00000100000000     
  0.200000000000000        1.00000100000000     
  0.210000000000000        1.00000100000000     
  0.220000000000000        1.00000100000000     
  0.230000000000000        1.00014778737959     
  0.240000000000000        1.00058335457379     
  0.250000000000000        1.00103630406435     
  0.260000000000000        1.00150652111584     
  0.270000000000000        1.00199389287454     
  0.280000000000000        1.00249830832785     
  0.290000000000000        1.00301965826446     
  0.300000000000000        1.00355783523546     
  0.310000000000000        1.00411273351623     
  0.320000000000000        1.00468424906911     
  0.330000000000000        1.00527227950690     
  0.340000000000000        1.00587672405708     
  0.350000000000000        1.00649748352681     
  0.360000000000000        1.00713446026858     
  0.370000000000000        1.00778755814663     
  0.380000000000000        1.00845668250400     
  0.390000000000000        1.00914174013030     
  0.400000000000000        1.00984263923005     
  0.410000000000000        1.01055928939174     
  0.420000000000000        1.01129160155741     
  0.430000000000000        1.01203948799290     
  0.440000000000000        1.01280286225864     
  0.450000000000000        1.01358163918105     
  0.460000000000000        1.01437573482440     
  0.470000000000000        1.01518506646336     
  0.480000000000000        1.01600955255592     
  0.490000000000000        1.01684911271693     
  0.500000000000000        1.01770366769207     
  0.510000000000000        1.01857313933237     
  0.520000000000000        1.01945745056913     
  0.530000000000000        1.02035652538940     
  0.540000000000000        1.02127028881180     
  0.550000000000000        1.02219866686286     
  0.560000000000000        1.02314158655381     
  0.570000000000000        1.02409897585766     
  0.580000000000000        1.02507076368685     
  0.590000000000000        1.02605687987122     
  0.600000000000000        1.02705725513633     
  0.610000000000000        1.02807182108227     
  0.620000000000000        1.02910051016275     
  0.630000000000000        1.03014325566460     
  0.640000000000000        1.03119999168760     
  0.650000000000000        1.03227065312467     
  0.660000000000000        1.03335517564244     
  0.670000000000000        1.03445349566205     
  0.680000000000000        1.03556555034039     
  0.690000000000000        1.03669127755157     
  0.700000000000000        1.03783061586876     
  0.710000000000000        1.03898350454631     
  0.720000000000000        1.04014988350214     
  0.730000000000000        1.04132969330048     
  0.740000000000000        1.04252287513484     
  0.750000000000000        1.04372937081130     
  0.760000000000000        1.04494912273204     
  0.770000000000000        1.04618207387919     
  0.780000000000000        1.04742816779883     
  0.790000000000000        1.04868734858542     
  0.800000000000000        1.04995956086631     
  0.810000000000000        1.05124474978660     
  0.820000000000000        1.05254286099423     
  0.830000000000000        1.05385384062525     
  0.840000000000000        1.05517763528942     
  0.850000000000000        1.05651419205594     
  0.860000000000000        1.05786345843947     
  0.870000000000000        1.05922538238636     
  0.880000000000000        1.06059991226107     
  0.890000000000000        1.06198699683283     
  0.900000000000000        1.06338658526250     
  0.910000000000000        1.06479862708964     
  0.920000000000000        1.06622307221980     
  0.930000000000000        1.06765987091195     
  0.940000000000000        1.06910897376618     
  0.950000000000000        1.07057033171156     
  0.960000000000000        1.07204389599417     
  0.970000000000000        1.07352961816538     
  0.980000000000000        1.07502745007023     
  0.990000000000000        1.07653734383608     
   1.00000000000000        1.07805925186138     
   1.01000000000000        1.07959312680464     
   1.02000000000000        1.08113892157358     
   1.03000000000000        1.08269658931445     
   1.04000000000000        1.08426608340150     
   1.05000000000000        1.08584735742667     
   1.06000000000000        1.08744036518941     
   1.07000000000000        1.08904506068665     
   1.08000000000000        1.09066139810299     
   1.09000000000000        1.09228933180103     
   1.10000000000000        1.09392881631179     
   1.11000000000000        1.09557980632544     
   1.12000000000000        1.09724225668205     
   1.13000000000000        1.09891612236256     
   1.14000000000000        1.10060135847990     
   1.15000000000000        1.10229792027028     
   1.16000000000000        1.10400576308457     
   1.17000000000000        1.10572484237993     
   1.18000000000000        1.10745511371153     
   1.19000000000000        1.10919653272441     
   1.20000000000000        1.11094905514554     
   1.21000000000000        1.11271263677600     
   1.22000000000000        1.11448723348330     
   1.23000000000000        1.11627280119389     
   1.24000000000000        1.11806929588578     
   1.25000000000000        1.11987667358132     
   1.26000000000000        1.12169489034013     
   1.27000000000000        1.12352390225218     
   1.28000000000000        1.12536366543100     
   1.29000000000000        1.12721413600708     
   1.30000000000000        1.12907527012137     
   1.31000000000000        1.13094702391895     
   1.32000000000000        1.13282935354283     
   1.33000000000000        1.13472221512793     
   1.34000000000000        1.13662556479518     
   1.35000000000000        1.13853935864578     
   1.36000000000000        1.14046355275559     
   1.37000000000000        1.14239810316969     
   1.38000000000000        1.14434296589708     
   1.39000000000000        1.14629809690551     
   1.40000000000000        1.14826345211652     
   1.41000000000000        1.15023898740054     
   1.42000000000000        1.15222465857219     
   1.43000000000000        1.15422042138578     
   1.44000000000000        1.15622623153084     
   1.45000000000000        1.15824204462790     
   1.46000000000000        1.16026781622439     
   1.47000000000000        1.16230350179072     
   1.48000000000000        1.16434905671644     
   1.49000000000000        1.16640443630664     
   1.50000000000000        1.16846959577846     
   1.51000000000000        1.17054449025776     
   1.52000000000000        1.17262907477597     
   1.53000000000000        1.17472330426707     
   1.54000000000000        1.17682713356473     
   1.55000000000000        1.17894051739964     
   1.56000000000000        1.18106341039699     
   1.57000000000000        1.18319576707408     
   1.58000000000000        1.18533754183811     
   1.59000000000000        1.18748868898421     
   1.60000000000000        1.18964916269347     
   1.61000000000000        1.19181891703133     
   1.62000000000000        1.19399790594598     
   1.63000000000000        1.19618608326701     
   1.64000000000000        1.19838340270422     
   1.65000000000000        1.20058981784662     
   1.66000000000000        1.20280528216152     
   1.67000000000000        1.20502974899391     
   1.68000000000000        1.20726317156592     
   1.69000000000000        1.20950550297653     
   1.70000000000000        1.21175669620138     
   1.71000000000000        1.21401670409288     
   1.72000000000000        1.21628547938034     
   1.73000000000000        1.21856297467043     
   1.74000000000000        1.22084914244775     
   1.75000000000000        1.22314393507558     
   1.76000000000000        1.22544730479687     
   1.77000000000000        1.22775920373537     
   1.78000000000000        1.23007958389695     
   1.79000000000000        1.23240839717116     
   1.80000000000000        1.23474559533293     
   1.81000000000000        1.23709113004452     
   1.82000000000000        1.23944495285756     
   1.83000000000000        1.24180701521547     
   1.84000000000000        1.24417726845585     
   1.85000000000000        1.24655566381330     
   1.86000000000000        1.24894215242226     
   1.87000000000000        1.25133668532017     
   1.88000000000000        1.25373921345078     
   1.89000000000000        1.25614968766768     
   1.90000000000000        1.25856805873805     
   1.91000000000000        1.26099427734660     
   1.92000000000000        1.26342829409976     
   1.93000000000000        1.26587005953002     
   1.94000000000000        1.26831952410054     
   1.95000000000000        1.27077663820997     
   1.96000000000000        1.27324135219747     
   1.97000000000000        1.27571361634796     
   1.98000000000000        1.27819338089757     
   1.99000000000000        1.28068059603936     
   2.00000000000000        1.28317521192922     
   2.01000000000000        1.28567717869202     
   2.02000000000000        1.28818644642797     
   2.03000000000000        1.29070296521924     
   2.04000000000000        1.29322668513675     
   2.05000000000000        1.29575755624728     
   2.06000000000000        1.29829552862073     
   2.07000000000000        1.30084055233765     
   2.08000000000000        1.30339257749702     
   2.09000000000000        1.30595155422425     
   2.10000000000000        1.30851743267943     
   2.11000000000000        1.31109016306576     
   2.12000000000000        1.31366969563836     
   2.13000000000000        1.31625598071315     
   2.14000000000000        1.31884896867614     
   2.15000000000000        1.32144860999281     
   2.16000000000000        1.32405485521787     
   2.17000000000000        1.32666765500519     
   2.18000000000000        1.32928696011798     
   2.19000000000000        1.33191272143930     
   2.20000000000000        1.33454488998269     
   2.21000000000000        1.33718341690317     
   2.22000000000000        1.33982825350844     
   2.23000000000000        1.34247935127033     
   2.24000000000000        1.34513666183655     
   2.25000000000000        1.34780013704263     
   2.26000000000000        1.35046972892419     
   2.27000000000000        1.35314538972940     
   2.28000000000000        1.35582707193176     
   2.29000000000000        1.35851472824311     
   2.30000000000000        1.36120831162690     
   2.31000000000000        1.36390777531173     
   2.32000000000000        1.36661307280516     
   2.33000000000000        1.36932415790779     
   2.34000000000000        1.37204098472756     
   2.35000000000000        1.37476350769438     
   2.36000000000000        1.37749168157498     
   2.37000000000000        1.38022546148805     
   2.38000000000000        1.38296480291965     
   2.39000000000000        1.38570966173887     
   2.40000000000000        1.38845999421377     
   2.41000000000000        1.39121575702760     
   2.42000000000000        1.39397690729529     
   2.43000000000000        1.39674340258018     
   2.44000000000000        1.39951520091105     
   2.45000000000000        1.40229226079945     
   2.46000000000000        1.40507454125725     
   2.47000000000000        1.40786200181445     
   2.48000000000000        1.41065460253737     
   2.49000000000000        1.41345230404700     
   2.50000000000000        1.41625506753766     
   2.51000000000000        1.41906285479598     
   2.52000000000000        1.42187562822010     
   2.53000000000000        1.42469335083914     
   2.54000000000000        1.42751598633305     
   2.55000000000000        1.43034349905257     
   2.56000000000000        1.43317585403961     
   2.57000000000000        1.43601301704785     
   2.58000000000000        1.43885495456362     
   2.59000000000000        1.44170163382706     
   2.60000000000000        1.44455302285354     
   2.61000000000000        1.44740909045542     
   2.62000000000000        1.45026980626403     
   2.63000000000000        1.45313514075194     
   2.64000000000000        1.45600506525554     
   2.65000000000000        1.45887955199785     
   2.66000000000000        1.46175857411168     
   2.67000000000000        1.46464210566301     
   2.68000000000000        1.46753012167466     
   2.69000000000000        1.47042259815029     
   2.70000000000000        1.47331951209863     
   2.71000000000000        1.47622084155802     
   2.72000000000000        1.47912656562120     
   2.73000000000000        1.48203666446047     
   2.74000000000000        1.48495111935301     
   2.75000000000000        1.48786991270658     
   2.76000000000000        1.49079302808549     
   2.77000000000000        1.49372045023681     
   2.78000000000000        1.49665216511695     
   2.79000000000000        1.49958815991842     
   2.80000000000000        1.50252842309699     
   2.81000000000000        1.50547294439905     
   2.82000000000000        1.50842171488933     
   2.83000000000000        1.51137472697888     
   2.84000000000000        1.51433197445332     
   2.85000000000000        1.51729345250143     
   2.86000000000000        1.52025915774403     
   2.87000000000000        1.52322908826309     
   2.88000000000000        1.52620324363128     
   2.89000000000000        1.52918162494164     
   2.90000000000000        1.53216423483770     
   2.91000000000000        1.53515107754384     
   2.92000000000000        1.53814215889597     
   2.93000000000000        1.54113748637248     
   2.94000000000000        1.54413706912556     
   2.95000000000000        1.54714091801281     
   2.96000000000000        1.55014904562915     
   2.97000000000000        1.55316146633904     
   2.98000000000000        1.55617819630907     
   2.99000000000000        1.55919925354081     
   3.00000000000000        1.56222465790404     
   3.01000000000000        1.56525443117028     
   3.02000000000000        1.56828859704662     
   3.03000000000000        1.57132718121001     
   3.04000000000000        1.57437021134171     
   3.05000000000000        1.57741771716226     
   3.06000000000000        1.58046973046667     
   3.07000000000000        1.58352628516001     
   3.08000000000000        1.58658741729340     
   3.09000000000000        1.58965316510029     
   3.10000000000000        1.59272356903314     
   3.11000000000000        1.59579867180049     
   3.12000000000000        1.59887851840439     
   3.13000000000000        1.60196315617820     
   3.14000000000000        1.60505263482484     
   3.15000000000000        1.60814700645534     
   3.16000000000000        1.61124632562792     
   3.17000000000000        1.61435064938736     
   3.18000000000000        1.61746003730488     
   3.19000000000000        1.62057455151839     
   3.20000000000000        1.62369425677322     
   3.21000000000000        1.62681922046325     
   3.22000000000000        1.62994951267255     
   3.23000000000000        1.63308520621743     
   3.24000000000000        1.63622637668897     
   3.25000000000000        1.63937310249608     
   3.26000000000000        1.64252546490898     
   3.27000000000000        1.64568354810326     
   3.28000000000000        1.64884743920441     
   3.29000000000000        1.65201722833288     
   3.30000000000000        1.65519300864969     
   3.31000000000000        1.65837487640260     
   3.32000000000000        1.66156293097285     
   3.33000000000000        1.66475727492243     
   3.34000000000000        1.66795801404206     
   3.35000000000000        1.67116525739963     
   3.36000000000000        1.67437911738939     
   3.37000000000000        1.67759970978174     
   3.38000000000000        1.68082715377364     
   3.39000000000000        1.68406157203980     
   3.40000000000000        1.68730309078442     
   3.41000000000000        1.69055183979379     
   3.42000000000000        1.69380795248955     
   3.43000000000000        1.69707156598268     
   3.44000000000000        1.70034282112833     
   3.45000000000000        1.70362186258143     
   3.46000000000000        1.70690883885307     
   3.47000000000000        1.71020390236780     
   3.48000000000000        1.71350720952174     
   3.49000000000000        1.71681892074161     
   3.50000000000000        1.72013920054467     
   3.51000000000000        1.72346821759961     
   3.52000000000000        1.72680614478843     
   3.53000000000000        1.73015315926928     
   3.54000000000000        1.73350944254039     
   3.55000000000000        1.73687518050500     
   3.56000000000000        1.74025056353746     
   3.57000000000000        1.74363578655039     
   3.58000000000000        1.74703104906304     
   3.59000000000000        1.75043655527084     
   3.60000000000000        1.75385251411621     
   3.61000000000000        1.75727913936058     
   3.62000000000000        1.76071664965782     
   3.63000000000000        1.76416526862891     
   3.64000000000000        1.76762522493808     
   3.65000000000000        1.77109675237040     
   3.66000000000000        1.77458008991078     
   3.67000000000000        1.77807548182458     
   3.68000000000000        1.78158317773973     
   3.69000000000000        1.78510343273052     
   3.70000000000000        1.78863650740306     
   3.71000000000000        1.79218266798247     
   3.72000000000000        1.79574218640182     
   3.73000000000000        1.79931534039297     
   3.74000000000000        1.80290241357927     
   3.75000000000000        1.80650369557026     
   3.76000000000000        1.81011948205830     
   3.77000000000000        1.81375007491744     
   3.78000000000000        1.81739578230428     
   3.79000000000000        1.82105691876117     
   3.80000000000000        1.82473380532165     
   3.81000000000000        1.82842676961826     
   3.82000000000000        1.83213614599283     
   3.83000000000000        1.83586227560923     
   3.84000000000000        1.83960550656879     
   3.85000000000000        1.84336619402835     
   3.86000000000000        1.84714470032111     
   3.87000000000000        1.85094139508036     
   3.88000000000000        1.85475665536613     
   3.89000000000000        1.85859086579495     
   3.90000000000000        1.86244441867265     
   3.91000000000000        1.86631771413058     
   3.92000000000000        1.87021116026503     
   3.93000000000000        1.87412517328023     
   3.94000000000000        1.87806017763490     
   3.95000000000000        1.88201660619248     
   3.96000000000000        1.88599490037521     
   3.97000000000000        1.88999551032220     
   3.98000000000000        1.89401889505146     
   3.99000000000000        1.89806552262633     
   4.00000000000000        1.90213587032607     
   4.01000000000000        1.90623042482112     
   4.02000000000000        1.91034968235288     
   4.03000000000000        1.91449414891843     
   4.04000000000000        1.91866434046006     
   4.05000000000000        1.92286078306011     
   4.06000000000000        1.92708401314097     
   4.07000000000000        1.93133457767068     
   4.08000000000000        1.93561303437410     
   4.09000000000000        1.93991995195005     
   4.10000000000000        1.94425591029447     
   4.11000000000000        1.94862150072980     
   4.12000000000000        1.95301732624096     
   4.13000000000000        1.95744400171794     
   4.14000000000000        1.96190215420541     
   4.15000000000000        1.96639242315942     
   4.16000000000000        1.97091546071166     
   4.17000000000000        1.97547193194127     
   4.18000000000000        1.98006251515471     
   4.19000000000000        1.98468790217379     
   4.20000000000000        1.98934879863232     
   4.21000000000000        1.99404592428148     
   4.22000000000000        1.99878001330436     
   4.23000000000000        2.00355181464005     
   4.24000000000000        2.00836209231736     
   4.25000000000000        2.01321162579887     
   4.26000000000000        2.01810121033533     
   4.27000000000000        2.02303165733109     
   4.28000000000000        2.02800379472070     
   4.29000000000000        2.03301846735728     
   4.30000000000000        2.03807653741302     
   4.31000000000000        2.04317888479215     
   4.32000000000000        2.04832640755707     
   4.33000000000000        2.05352002236787     
   4.34000000000000        2.05876066493594     
   4.35000000000000        2.06404929049209     
   4.36000000000000        2.06938687426972     
   4.37000000000000        2.07477441200363     
   4.38000000000000        2.08021292044515     
   4.39000000000000        2.08570343789401     
   4.40000000000000        2.09124702474773     
   4.41000000000000        2.09684476406920     
   4.42000000000000        2.10249776217313     
   4.43000000000000        2.10820714923200     
   4.44000000000000        2.11397407990250     
   4.45000000000000        2.11979973397295     
   4.46000000000000        2.12568531703284     
   4.47000000000000        2.13163206116515     
   4.48000000000000        2.13764122566236     
   4.49000000000000        2.14371409776730     
   4.50000000000000        2.14985199343951     
